GO:0051276	2.36167888906226	3.95391850038784e-05
GO:0016568	2.82864721485411	8.57406949550388e-05
GO:0006325	2.48341491427165	0.000965148684206607
GO:0005694	2.0125786163522	0.00678006918217733
