"Term" "FE" "FDR"
"GO:0006351~transcription, DNA-dependent" 8.70886075949367 0.0268724173556834
"GO:0032774~RNA biosynthetic process" 8.6 0.0292204542822305
