GO:0022613	2.25389025389025	0.00744501393901142
GO:0042254	2.55496137849079	0.0189761034799729
GO:0016072	2.71094849423023	0.0446837563322422
