"Term" "FE" "FDR"
"GO:0044432~endoplasmic reticulum part" 22.1389473684211 2.12203766780661e-06
"GO:0005783~endoplasmic reticulum" 10.3776315789474 2.30158091585331e-05
"GO:0005788~endoplasmic reticulum lumen" 45.3275862068965 0.00140309468625865
