"Term" "FE" "FDR"
"GO:0006412~translation" 8.2200328407225 0.00629916378471762
"GO:0005840~ribosome" 11.6180555555556 0.00540789104029882
"hsa03010:Ribosome" 10.1044226044226 0.00581736164146918
"GO:0006414~translational elongation" 15.8417721518987 0.0133004858152264
"GO:0044249~cellular biosynthetic process" 3.26839981006648 0.028605926835279
"GO:0009058~biosynthetic process" 3.15167124542125 0.0407225699230795
"REACT_1762:3' -UTR-mediated translational regulation" 8.16666666666667 0.0462927424297432
