"Term" "FE" "FDR"
"GO:0005783~endoplasmic reticulum" 10.0893640350877 0.00266635065757637
"GO:0005789~endoplasmic reticulum membrane" 23.4732142857143 0.0155929866523241
"GO:0042175~nuclear envelope-endoplasmic reticulum network" 21.0657051282051 0.0240769358864856
