"Term" "FE" "FDR"
"GO:0050136~NADH dehydrogenase (quinone) activity" 43.8833333333333 0.0484481908441969
"GO:0008137~NADH dehydrogenase (ubiquinone) activity" 43.8833333333333 0.0484481908441969
"GO:0003954~NADH dehydrogenase activity" 43.8833333333333 0.0484481908441969
